-0.185367
5.55481
-0.760741
-0.742798
9.45474
14.4872
6.70074
-1.32072
-0.227438
-0.366256
-0.325539
0.282337
0.550913
0.206853
-1.32466
0.212066
8.16354
1.29672
1.5878
0.211438
0.874949
1.18577
1.72703
0.295564
2.91227
-3.21093
1.33679
-9.22775
-0.70296
-1.18147
0.413898
-0.609757
-0.0272999
-0.168333
-0.639723
1.17483
-0.92654
0.132503
0.403811
-1.34832
-0.0570648
0.0445179
0.0921362
-1.98878
0.16047
1.56957
-0.503593
-2.57132
0.716693
-0.263402
-0.57912
0.556491
0.160928
-0.536424
-0.739843
0.499401
-2.98047
-0.290274
-0.553039
-0.402067
-0.044988
-3.0535
-0.477156
1.38695
-2.42834
0.113774
-0.655381
8.68397
0.156186
-5.1008
-0.32427
-0.220456
-0.447146
1.68742
-0.717685
0.680699
0.815207
-0.643673
1.8379
1.06333
0.78112
-0.180936
3.28841
1.37603
0.0373727
-0.421356
-0.7335
0.367679
0.16768
-1.3643
-0.480769
3.29554
-0.261814
-0.0800679
0.136627
2.12981
-5.5065
-0.17305
1.07487
-1.34339
0.849275
-0.857219
0.0518956
7.70509
-7.80238
1.04856
-1.00774
-0.540925
-0.995714
0.964494
0.19861
0.892041
0.173734
1.06087
-4.10407
0.488259
0.784376
0.207593
-2.06339
-2.67243
-0.764089
-1.07166
1.21804
-1.46988
-0.0809236
-0.409396
-207.871
-2.05879
1.22263
5.19206
1.94041
-0.316736
2.44554
-1.66424
4.69247
-0.982334
-1.44412
2.53709
0.780252
7.14664
-6.18934
-0.00569695
1.59016
-0.264818
4.38922
0.33952
2.40157
1.05328
0.152002
-0.270499
0.636494
1.44371
-1.28544
0.229039
1.80009
-0.904284
-0.0514712
0.287736
-0.260622
-3.68063
-1.55495
-0.0809875
-0.26254
1.09076
0.0860618
-0.0167502
1.08301
4.85589
-2.29893
3.13066
-5.20681
1.47183
-1.0805
-0.427619
-0.207636
-2.2477
-0.687789
-1.04388
-3.26163
-3.29297
2.2295
0.461818
0.630726
-0.579876
-0.0735803
1.04819
24.1439
2.43743
-0.0854232
-2.00614
-0.601423
2.28924
0.12702
0.400765
0.0658939
0.0013535
-0.545068
-0.0607905
-1.21168
-0.898646
1.14127
-1.6242
-0.171473
0.307379
-0.302037
-0.175323
0.818409
-0.961746
1.01303
0.7128
1.89759
-0.618744
-1.43311
-0.377702
-1.03431
-0.707757
2.19141
1.88258
9.93766
-1.36579
1.74896
-3.25866
-1.5715
-11.8185
0.822447
-5.13332
-0.564879
0.278787
-0.0486917
-0.528567
-0.48455
-0.622891
0.641274
0.245293
5.49448
0.24127
0.376065
-1.77429
1.52684
-4.11912
0.756685
-1.86229
0.520434
-1.34608
-1.29369
0.792012
1.6581
9.35589
-3.25796
-4.24666
-0.0693131
-1.13521
0.651389
-0.451025
0.187145
0.0345802
3.38177
0.183502
0.0953941
1.88398
-0.639575
0.470269
-2.87792
0.0896978
0.0221001
-2.34787
-2.34247
0.146799
1.91673
5.81904
2.52968
-0.518302
0.189893
-0.136536
0.115561
9.44525
1.81396
2.2542
-1.42434
5.50807
-0.312659
6.27027
0.210156
2.66992
-0.32859
-3.60583
2.30205
0.670142
2.79559
-0.0599159
-4.16402
4.88125
1.61045
2.20841
1.10882
5.81099
-1.71416
-0.314312
-1.28436
-2.25884
3.96066
2.44713
4.1584
-2.0461
-0.10041
-10.5706
4.14274
-0.499015
-1.26879
-5.7282
-2.86483
0.346323
0.474977
1.81857
-1.10641
-3.37212
0.500013
0.49522
-0.125564
-0.932899
-0.0892165
-1.37032
3.35948
0.519971
5.39287
-1.09308
-0.59333
-3.01732
1.16426
3.03294
-1.11397
1.01039
0.0682831
-3.0789
-3.52331
0.360636
-2.11646
-3.07787
-0.0499222
0.610743
-0.525498
-2.37748
0.865952
1.07705
1.06255
-0.204315
-0.433113
-4.93218
-0.0492499
-0.134699
0.499856
-1.20828
-0.2996
1.22355
0.195972
-0.33835
8.92468
-0.0532548
1.90544
-0.354239
0.275376
1.17456
-3.4261
0.764387
1.51267
1.24773
-0.306146
1.09035
5.82238
2.00286
-3.80956
-0.769494
0.37899
1.01697
0.101354
0.879503
-1.29404
-2.27269
2.89957
-0.612106
-0.306462
-1.09545
0.356975
1.52636
-1.37664
-0.34598
0.136441
0.966638
0.41856
-2.34236
1.13919
1.4244
0.201865
-0.143177
3.51444
-1.41355
0.259369
-1.36725
0.453846
-0.923147
0.634673
4.42426
-1.17371
0.546681
1.40336
-3.8701
-0.591706
-1.50624
-2.25587
-0.488424
0.0306981
0.80066
-1.11319
1.94196
-0.0197346
0.132826
-0.495479
-6.64153
-0.624951
4.60889
0.0180188
-0.805459
-6.36952
-1.11835
-1.76316
5.11532
0.819977
3.49786
-0.895263
-0.802317
0.375309
0.872384
0.841454
-8.69467
-5.46576
-0.112801
-2.9476
-2.72015
4.65153
0.942164
8.71271
-0.381192
0.146702
-1.97101
-0.448642
0.0179378
3.93619
-12.0158
-10.2184
1.10615
0.488907
0.364131
-0.421209
-0.730258
1.19642
0.628801
-8.43612
7.81908
-2.17316
-1.01996
-0.550229
1.7699
-0.370776
-0.0526789
0.250423
-0.852456
0.393635
4.32857
0.391463
0.185275
-0.635761
3.82486
1.17044
1.70037
0.0495033
1.70022
4.34528
1.22271
0.0886266
-0.831925
0.505925
0.602276
0
-0.945894
-0.475686
6.212
1.70625
4.71612
-1.0367
-1.06397
-0.855988
-0.184875
-4.11815
-0.120448
-0.998313
6.07899
3.61486
-0.596223
-3.24254
-2.72523
1.58547
-0.249435
-1.25343
1.23069
-0.351596
1.39936
-1.36391
-0.947956
1.21499
-1.35284
3.65046
1.75092
1.11712
-0.650035
-1.58769
0.650061
0.187493
0.898633
6.9625
0.786282
-0.34614
0.367978
-0.910619
-1.15478
2.98304
1.52034
0.658483
0.0460719
-0.664356
-0.0724925
0.0230963
-1.57143
-0.250972
0.478747
0.0434046
0.4757
-0.765458
2.95115
0.0318696
0.104332
0.228536
-0.496672
-1.01633
0.919704
0.829627
-4.25096
0.797083
0.399502
0.235949
-0.32232
-0.786369
0.977077
-0.513831
-0.85357
0.621687
-0.612079
3.94858
0.414602
-1.15363
-0.205757
-1.90255
3.15649
5.25683
-0.323957
-1.56666
0.327159
-2.83237
-11.2158
-0.763132
-0.100766
-0.561821
0.549041
-0.709255
-0.0700825
-0.364533
0.221758
0.100883
-2.32858
-0.51201
-6.40221
-0.304068
-0.087811
-4.09125
2.8686
0.611475
-0.180283
-3.27867
-0.124779
-1.13648
-0.917024
0.190143
-2.15653
0.818403
-2.16626
0.108062
-1.91441
1.39494
2.72876
-0.755014
0.797224
-0.301418
1.48999
1.27497
-1.17504
-0.893755
1.83908
-0.114252
-0.506728
0.172116
-0.325164
-0.494617
-3.37721
1.21926
4.80223
-14.1798
-0.886781
-0.115511
0.907756
-0.571525
0.643835
-3.81886
-0.868496
-0.0292061
-0.961579
-0.53674
1.22309
0.264639
0.728639
6.87808
0.270783
8.3178
-2.549
0.605171
0.241484
0.356193
-1.69073
-2.4694
-0.195956
0.776819
-10.6528
-0.16921
0.665223
-4.9334
-1.5712
7.72356
5.60968
-0.387668
0.19801
-1.99547
2.16922
-1.0463
0.347488
1.99735
8.09278
0.592311
1.70739
-0.482214
-0.743947
-0.388179
-4.22326
-2.89689
1.16898
-0.648139
-1.35172
0.241006
-1.75819
1.01935
0.872174
0.586971
2.17289
-1.37704
1.05653
3.80529
-0.810525
0.309247
0.878182
3.29747
-1.00887
2.67683
0.109905
-0.291212
-0.356883
3.58031
-0.115099
-0.123659
0.235085
-1.72027
0.0265894
0.571286
3.92648
0.153512
0.46374
-1.38903
-0.205711
4.64224
9.13127
0.59513
-0.327776
-0.718687
-10.1977
-0.0921747
-0.350249
0.661545
0.265371
0.931227
-1.90251
0.678901
0.817262
0.123571
-0.0922494
2.65389
-0.458306
-1.82348
-1.52775
12.3032
-2.27113
0.266501
12.3146
-0.514924
0.341479
-0.600074
-1.21518
0.311072
1.3627
13.6949
0.426797
0.13438
-2.19546
0.0991653
12.2208
0.0752035
0.674427
-1.15694
0.505948
-1.23638
-1.71519
-0.124026
0.302827
-0.542266
-0.270195
0.870064
1.36803
-0.161222
-0.0108688
1.78796
-1.63911
-0.0263216
0.241684
-0.0691071
-2.5649
-4.70695
0.0967709
-3.50327
0.681378
-0.981003
-1.21401
-2.62632
-3.08473
0.540579
1.85815
0.1595
4.54581
-6.86611
-0.301156
-0.161743
-0.194
1.98313
3.45897
0.636981
1.40304
3.07974
-0.0923897
1.99157
-0.51881
-0.132152
1.92822
-0.740863
-0.346324
-14.4008
5.02799
-3.36807
0.329716
-0.923887
-1.22529
-2.49314
-0.219279
-1.98233
-1.26878
0.0907036
-4.24325
-0.50808
0.435364
-0.841822
4.09989
-1.6286
2.08431
1.04588
-3.35113
1.88741
-1.54305
-1.50195
1.08635
-0.184567
-0.168654
-26.5737
-3.45214
-0.350523
-0.641523
-1.02299
-0.211447
1.41983
-4.95844
-2.05443
1.31301
-1.86184
1.31531
-1.62521
-1.06518
0.251095
-0.226798
-2.5687
-2.65692
-0.353392
-1.27576
0.256141
0.469205
0.542068
2.70865
1.99873
-1.17567
0.447786
-0.544014
-1.33989
1.15722
-0.635812
-0.377025
1.90861
0.918698
-0.640796
0.825865
3.13807
0.143305
4.0831
3.06284
1.21608
-0.72824
0.992051
1.24485
1.11941
-1.29502
-0.231792
0.875769
-0.0804367
-3.36122
-2.24977
0.465344
2.6949
-1.87669
0.0354984
-2.00834
-0.605226
2.68435
2.43374
4.09761
0.307934
0.466002
1.53716
0.932476
-0.892602
-0.593138
1.47034
-0.644276
-0.649694
-0.728345
-4.27571
-0.139265
0.546864
0.269876
-0.268929
-0.591504
0.265002
-2.93338
0.493363
-1.96593
1.81804
1.56721
3.44097
26.508
-4.0455
-2.25509
-1.34737
-1.02952
0.670724
0.291916
-9.10587
-1.77901
3.05855
1.11109
-0.779247
-0.0635483
2.17505
-3.13186
0.92332
0.744882
-8.1246
-3.81622
-1.23404
0.310112
-0.380566
4.63035
1.4092
-0.959937
-1.10768
0.741307
0.567367
-0.017049
1.38466
-2.01076
0.115223
0.579827
-1.07017
-0.196007
-0.433047
-1.18761
3.05619
-1.38715
-0.94987
-0.0158408
-1.36746
-3.36592
0.0122995
-6.77962
-2.9664
1.18174
0.358063
-1.4742
0.474598
1.18441
-2.40967
0.200284
0.317795
-0.588096
-0.154732
0.0297508
3.05379
1.55018
-0.675445
0.261024
-5.52221
-2.57302
-0.937664
-0.609858
0.0827925
0.499953
-0.647607
-3.49334
-1.97466
-6.65925
5.40356
-0.361093
-2.76504
-0.95652
-1.52696
4.86552
0.16014
-10.9621
-0.419166
0.0305309
-1.96106
0.997517
2.15358
0.545565
0.855583
-3.82134
0.289329
0.157532
-0.501552
1.24332
0.697329
-8.1104
-0.684863
0.185509
0.127552
-0.0871728
-0.509244
-0.535392
-0.235957
0.283884
2.39782
-0.699545
-0.484107
-0.282868
2.76604
-0.105474
-1.60732
-0.381678
0.464691
-0.491814
-3.94656
0.264295
0.802139
0.000606656
0.567357
-9.92338
0.4439
0.637748
-0.149714
-0.430381
-0.360601
2.54022
4.14425
1.38733
0.22282
-0.645646
-0.255738
-1.73184
0.00726934
-1.4754
-0.0882111
-1.62157
0.118439
-0.758276
0.847808
0.360052
-5.43066
-4.80708
-0.486925
0.92701
-0.470834
-0.721127
-0.15081
-2.98508
0.300929
-6.42716
-5.41623
3.33575
0.493019
-0.187099
0.451947
-0.270617
-1.07919
1.27607
-3.07703
0.345688
0.112956
1.11031
1.03951
-18.9414
6.40859
0.865188
7.49536
-0.28509
-1.42394
56.0829
-4.04838
-0.232749
-1.41362
0.520365
-0.018295
0.522792
-1.45532
-1.06471
-2.1554
0.140151
-0.860245
-0.1188
-0.28336
-1.3536
-2.29927
4.30932
-0.206044
-1.3378
-0.482185
0.758115
0.0852534
0.98722
13.8005
-0.827789
-3.96073
2.45517
2.62176
0.662927
-2.04954
0.627721
0.613511
-0.98762
0.638761
0.0391874
-0.832985
0.593486
1.64143
0.636444
-9.18618
-0.802416
2.47967
-0.376183
-13.6468
-0.198759
-0.136394
0.12059
0.351102
0.0400781
0.180152
-1.4017
1.06348
0.0130883
0.29553
-3.29707
3.92298
0.538954
1.13825
0.720965
-1.29819
-1.13436
-1.1069
0.264459
0.0663575
1.55813
-1.41775
2.05633
-1.63965
2.67946
-0.397734
2.89042
0.790794
-0.49866
0.0275841
-0.336338
4.65473
-0.416878
-8.48228
-2.04671
-0.501765
-0.838459
0.444771
0.833437
3.97809
-1.11966
0.913695
-0.0893364
-6.68905
-3.23594
-4.67856
-1.77392
-3.25041
-0.468744
-0.707022
0.386556
-0.146965
0.294045
-0.241457
1.86447
62.239
3.08808
0.586304
-2.5652
-0.984018
-2.6418
0.193722
-0.209822
-0.67122
-0.0579198
-1.69502
2.93144
2.91386
-0.425033
1.73559
-2.14256
2.90053
-0.667175
0.381599
0.337872
-0.529596
-0.837815
-0.0458753
-1.16895
-0.0657435
0.0369139
11.1384
8.72008
0.0641413
-1.82005
1.86918
-0.489625
48.0522
-4.71401
-0.0295703
-0.38062
0.760851
3.59383
-0.43598
-0.588583
-0.231588
-0.365684
2.04604
-1.80783
0.265644
-1.07721
-4.14359
-0.864311
0.121814
0.289001
-4.02604
1.48699
-0.8117
-2.90778
0.838292
-1.00234
0.43566
-0.650563
5.07894
0.0535499
0.0274273
-0.265874
0.201743
-1.74818
-1.15355
0.711083
-11.2676
0.145232
0.0129895
1.66255
-9.58523
0.0184056
13.8976
-0.806739
1.68007
-1.92453
-0.231393
-1.41901
0.767653
-2.3898
-10.0493
-0.572826
-0.809977
4.73877
1.26563
10.4944
0.1495
-2.01689
2.84117
-0.434146
0.331247
-5.705
-0.0994635
1.27471
-1.41887
0.94264
-0.643435
1.62277
0.274493
0.585038
2.29213
-0.26278
-0.812648
-0.772059
-1.3366
3.74577
0.00084883
0.285729
-5.21729
-0.100764
-1.26109
-1.36387
1.14732
-2.70839
0.175951
0.231942
0.715043
-3.80353
0.322759
0.387342
0.62706
0.404163
5.15881
-9.47466
0.286383
0.46156
-0.0684766
4.23308
-0.459037
-0.585993
-0.400326
2.46819
-0.563546
3.32499
-2.36208
7.21553
-1.47989
-0.262631
4.33445
-1.25267
-4.99189
-0.629811
1.23921
-0.0463964
0.0677367
-0.0424527
-1.5048
9.6167
2.83417
-0.901973
-0.325578
-0.728259
-0.71746
2.97894
-0.417324
2.26629
1.16794
-0.933881
-1.38484
0.198135
0.444832
0.550488
-0.0563537
-0.435454
-0.50456
-0.343036
0.129648
2.35749
1.55699
2.24311
0.367704
-0.598768
-0.993934
-0.704866
-5.41429
1.76928
-1.42461
-0.125758
-0.416032
-3.59524
0.17394
-2.14131
0.89175
-5.93345
0.979337
9.70446
-5.22465
0.0230122
3.08166
-1.12228
0.258036
-0.0102944
1.988
1.02649
2.46801
-0.470761
-0.175724
2.68308
-0.0312577
-0.477141
-1.05149
1.38475
-0.300281
-1.07239
-0.495986
-1.46814
1.14368
-0.331465
0.215419
-2.38937
-2.9407
-1.41314
0.954952
-3.22548
0.50535
-0.0137602
5.58832
-0.588438
-0.0183094
0.0225029
4.70311
0.212008
-7.97433
-1.07189
0.472627
-0.444183
-1.94309
0.42466
0.376775
0.336737
-1.22179
-0.28298
0.937599
0.187854
-0.100881
1.18021
0.28243
-0.14557
0.712174
-28.428
-2.10483
1.67105
-3.78208
-0.287826
-0.165718
5.16395
-1.49238
0.411298
-0.286109
1.33176
-1.53002
0.757499
-0.879913
-1.01981
0.291207
-1.42389
3.46659
-3.13442
1.88409
-0.13076
-4.05477
-0.345335
0.174729
-11.4569
0.807614
-2.72073
1.79851
-2.74566
0
-0.0646558
-0.826808
-0.153793
0.567292
3.2811
0.350933
0.591855
-2.22942
-1.37263
0.526509
-0.236204
-0.737338
0.277697
5.86053
0.323244
-0.759255
-1.56917
-1.20838
-1.78407
0.657334
-1.1179
1.72007
-1.26364
-1.10451
1.50464
1.09312
-0.29708
0.7107
1.7072
4.96321
-6.57583
-0.637998
0.172241
0.55583
0.528093
-6.58768
-0.381745
-0.0314584
1.37484
-0.126738
0
-4.79489
-0.590285
-0.550558
0.351989
-2.5606
-0.560771
0.63186
1.02839
1.61528
-0.194883
-0.493102
0.621125
-0.769411
-0.60927
1.42912
0.0349833
-0.274277
-0.310972
2.46238
-0.198768
0.0251202
2.46123
-0.333891
1.45504
-0.292566
1.18373
0.210051
0.963155
1.34035
0.988729
-0.201407
-1.79576
-0.872474
3.45577
-5.11849
-0.838694
0.368866
2.04102
-1.11717
0.235588
-0.304946
-0.33413
-17.2328
-1.90657
1.34503
1.32119
-1.75275
-3.56777
-0.345174
1.59126
10.6491
1.02715
2.18349
1.3593
0.669867
1.83142
-0.204062
-4.36727
-0.240264
1.63111
2.15103
-0.00966513
-3.52219
0.77037
0.273806
-0.782404
-2.13309
-0.349064
-0.339835
0.890518
3.09621
0.974215
-0.409932
4.74596
-0.396533
0.414423
0.812856
-2.01746
-0.166807
0.825315
0.942461
-0.734684
1.28601
-0.669569
-1.13396
-1.37051
0.94056
1.28925
0.640584
-0.265054
0.24628
0.561127
37.6099
-5.63739
0.408539
-0.551207
-3.0292
2.55887
0.979723
-1.3976
-1.58821
-0.416071
0.421659
-0.217641
-0.150346
6.54477
5.32974
-1.00474
-0.924907
1.04741
0.4962
2.3497
0.358626
-3.8723
-2.31373
-1.15914
-0.0566258
-0.0169815
1.68824
0.605527
0.0634565
-0.762275
2.47828
0.21902
-1.55871
0.422913
2.13303
1.61032
14.9633
-1.99115
2.36486
-0.958141
1.03286
0.900632
-0.567164
0.000356197
0.585081
0.438021
1.26097
-0.663515
-0.0671794
2.94817
1.44407
3.80261
-0.844851
5.41757
-0.662525
0.212982
-2.031
-1.24344
11.5563
2.61568
-0.540709
0.107882
1.21776
-0.206831
0.39904
0.773197
-4.41754
2.48798
-1.19189
-0.479604
0.829708
8.66741
9.02082
1.03703
0
-2.23242
-0.0750098
-0.0474262
3.38146
0.242899
0.0677123
-0.795554
25.0977
1.60788
-3.19009
-3.07334
2.76782
0.339137
-1.42883
1.37694
0.0965385
0.195313
0.272658
-4.56123
0.68056
3.98741
-0.0073892
-0.255335
22.6281
-0.112535
-1.41744
2.33151
32.3071
-3.00772
-13.9748
1.62568
1.20963
-1.94184
-0.281898
-2.19554
-0.260219
-1.16358
-0.0293571
-0.99195
-0.830987
-1.03248
-0.712732
0.286379
0.0435017
-0.164083
-0.408079
-0.98672
-0.228921
0.310034
0.21423
1.21906
0.419566
0.704858
5.8401
-0.13819
1.49381
2.75635
-8.63055
-0.849153
-0.581002
-0.821467
-0.822421
1.64342
0.73112
4.93525
-3.75946
-3.50539
-0.980198
-1.56191
-0.228466
-0.170663
-1.30493
11.3112
-3.71355
-0.463382
-3.06652
-0.518749
-0.682852
-0.304034
-2.1109
1.47092
-0.331485
-0.44043
-0.724627
2.02673
-0.814116
-1.52925
-2.54228
-0.230224
2.80071
-2.32389
2.23938
0.400447
-0.848208
-1.51006
0.784794
0.488247
-0.506359
1.4124
-1.31125
-1.21283
3.88605
1.7092
3.02351
-1.52198
0.208018
1.74196
0.17579
-7.22649
-1.13194
1.3997
2.37054
-0.528993
-1.93575
-1.49358
1.55613
0.238332
0.0583112
-0.476237
-0.101845
1.64224
-0.850932
0.732664
-1.29534
-7.7469
2.82809
2.1227
-1.11811
-1.18112
2.5182
-1.67447
-0.666685
0.326125
-2.56785
2.28848
-0.679628
-1.08881
0.0100267
-0.928791
-2.02739
-0.520306
-0.0321734
0.396765
-4.59021
0.461046
-0.715132
0.55706
0.237072
2.49027
-1.96959
0.0903521
0.577561
-0.640047
0.734092
0.609629
-0.138704
-0.615655
0.310738
-0.192462
5.71271
-5.22304
0.0948589
-7.84228
-0.19976
1.94982
2.71663
1.72227
0.20676
-5.55009
1.87226
-0.364492
-0.0384796
-3.99992
0.0392945
-0.861969
0.640153
-1.35051
-1.86913
0.332171
0.0658524
1.98565
5.57488
-1.96699
-0.734269
1.37558
-0.0144129
-0.362702
4.49066
-0.279798
1.15616
2.60426
-3.06136
-0.484574
0.152042
-4.54949
-2.11115
-0.016765
3.1464
0.154208
0.416097
3.3805
4.44246
0.645888
0.239409
-9.15361
-0.41879
-4.06046
-0.27636
-1.09614
-0.689166
-1.11411
0.187328
0.170326
-0.457023
1.37066
1.31852
-4.62848
1.02865
6.16875
-0.465822
-2.65489
0.400108
0.890996
-3.47139
0.143483
-1.49931
-35.1281
2.30008
0.525641
0.60388
-0.317476
-2.7029
-2.24915
5.28774
0.503798
-0.494264
2.84593
-1.19155
-0.740825
-0.489997
1.4758
4.55937
-0.97978
-1.27019
0.175308
1.93051
-0.243893
1.63545
-0.64554
0.359047
-0.36546
-0.336069
-3.61896
-1.36121
-1.33474
2.874
-0.115958
1.17354
0.0545902
1.06263
-2.82864
-0.618656
0.868426
-3.97146
0.0235658
6.53425
0.200925
0.845243
0.517079
-2.70618
-0.742952
6.17786
-2.26713
-4.9939
1.71911
1.52269
0.493784
0.845007
-0.0178213
-0.40443
-0.285518
3.45739
-3.59405
0.523932
0.516654
0.319277
-1.46007
0.693269
0.0355992
1.16262
-1.90419
1.00135
1.14191
-2.60222
0.428719
-0.360776
0.4944
0.282389
0.637997
-0.0751595
-1.175
0.329365
-2.28899
-2.16551
3.0853
1.47643
-2.38016
-1.21712
0.70564
1.19724
-0.416057
-1.12856
-0.740178
0.192816
0.808266
0.892306
0.495185
0.17027
-2.78546
0.94344
1.96145
-0.0288093
-5.71679
0.367218
1.72976
-5.07457
-1.59223
0.84189
2.67623
-0.914882
-0.741521
0.234623
-1.35655
-0.43258
-1.09855
0.762593
0.579547
-0.593156
1.42387
-0.789008
-59.1066
-5.49523
-1.16752
0.0145172
1.14112
-0.45231
-0.0809609
-0.914034
0.189814
-0.717858
0.0614341
0.388338
-2.04503
-0.94755
0.715958
-0.611053
-5.28767
3.24292
0.106717
-0.927739
-1.59861
0.116609
0.524616
0.697215
-3.8903
0.74145
0.212694
-0.909142
0.0767217
2.63695
-1.26161
-3.48015
2.31516
1.72064
0.393807
-2.85251
-0.453994
0.978961
-2.35362
0.391104
2.61625
-1.41681
-1.04242
0.868871
-0.120453
-0.117263
1.21135
0.179521
-3.2517
-1.11967
-2.52669
2.15319
-0.325072
-1.88207
-0.162821
-0.0892557
-0.652714
1.14231
-1.49447
-2.02041
-0.00159383
0.444236
1.98725
-2.88487
-1.72178
1.44065
6.50249
-0.693989
2.18275
0.161675
2.23192
-0.128812
0.215172
2.6774
-0.152322
-0.902019
-0.415307
0.148591
-0.410639
-0.29509
-0.326898
0.518145
1.47135
-1.50594
-9.41668
0.0416944
0.706747
-0.781466
0.660025
0.674018
0.953351
0.729841
0.850943
3.83519
-0.535034
0.642108
-0.490797
1.61434
15.7658
0.260787
0.440044
-0.662409
-0.587275
3.31437
-0.756885
-2.23406
1.34835
0.209242
0.571576
-1.11038
-0.284054
-21.7975
0.0632274
-7.44593
0.541431
3.93495
-0.415621
-1.17214
1.89157
-1.74555
-0.839762
5.3699
4.66432
-1.72401
0.279131
0.0904646
-1.22962
-15.4794
-0.414494
-9.08505
0.00231931
-1.9464
-0.400889
-0.366086
7.85257
-0.0090397
-0.0458503
-0.0401828
0.417535
-0.284522
0.699909
-0.857665
-0.736291
-0.997787
-0.76642
-0.0998458
-2.20771
0.142893
-1.36655
1.14072
-2.20122
-0.56415
-2.48496
2.18289
0.123257
9.07502
0.807056
0.889832
0.117166
-10.7908
-0.767639
0.110251
-0.445877
-0.715491
1.79676
-0.953989
-2.19125
-17.4057
-3.18114
-1.64172
-0.11019
0.360743
0.445249
-5.43491
0.583418
-0.836093
0.323218
0.285078
-0.0350935
0.449506
-0.667158
-5.70507
-0.00908452
4.29563
0.0126048
4.04537
2.39009
0.16158
-2.38094
-0.121806
2.02332
-4.08862
1.67876
-0.114138
-3.17344
0.137606
3.23417
0.541273
1.7527
17.4414
0.665261
-0.803275
-0.805489
-0.173151
0.0518188
2.3182
0.860758
1.35047
0.769741
0.397503
-1.37916
6.29049
-1.24736
-0.299388
-3.45829
1.8953
-9.04827
-0.318702
-0.595298
8.8385
0.319585
-7.81775
-2.67713
-0.564356
0.351327
0.751825
3.10529
-0.850674
0
-4.86655
0.941754
-2.35359
3.09322
2.00681
2.27653
-2.49635
1.71792
-0.287141
-0.294763
-5.46611
-1.86588
-7.40894
-0.102382
0.333453
-0.129744
-0.576161
-0.43702
-3.4528
0.605986
-0.141161
0.343336
-0.350733
3.34564
0.577087
0.342985
0.191428
2.01743
-1.6549
2.17262
3.02154
0.611454
-0.818198
0.66046
1.28791
0.716256
0.862793
1.62688
3.18934
-1.17739
-0.528835
-0.884959
-0.483203
5.63044
-2.66205
4.87873
-1.02357
-3.17565
1.01109
0.38034
-22.7983
0
-2.2451
-0.577283
-0.58863
-0.905364
4.07947
0.23198
-0.651259
2.16082
2.28946
0.889053
-1.29123
0.122702
0.120054
3.3507
0.680132
9.72776
0.188943
-0.685873
-0.300237
-0.644592
0.430901
0.237678
-6.9276
-0.403305
-1.24859
5.01065
0.333299
1.55411
-0.399557
-0.173966
2.73753
1.32875
-0.821361
-0.509471
0.211778
13.9533
-4.02579
1.42072
0
-0.646873
-10.8701
-2.78446
0.995842
0.853631
-0.401466
-0.88519
0.0731454
-2.22219
-0.374262
1.15526
0.190483
-0.403854
0.410631
-0.770329
-2.22086
1.18624
0.713888
-0.309101
-0.444327
0.22489
-0.104475
2.1226
-0.600982
0.742655
3.35327
0.0664635
0.106544
-0.226263
-0.115082
-3.2656
1.41557
-1.74589
-4.05563
-0.541847
1.72734
0.497347
-0.308917
-0.208976
-0.710793
-2.36529
-1.41071
-0.521285
18.6809
2.20197
-1.67063
-3.90001
0.45578
-2.47972
0.622918
-0.29682
-5.25517
0.556245
-3.64184
-2.66245
0.196255
0.0648252
-2.15521
0.519099
0.111295
-1.87554
3.71179
-0.564801
0.750427
-0.366466
0.315639
-2.71452
-6.6637
10.4463
7.01612
3.25346
-1.93559
0.740568
4.78785
0.814077
0.406536
5.69761
1.05744
-13.152
-0.468686
0.855398
-2.17796
-1.61325
-6.21629
-0.246186
1.60779
-0.474529
0.435359
0.142272
-49.2157
2.03178
-0.272449
-2.73745
-2.46431
1.92711
-1.22989
25.4609
0.3661
1.49427
-0.562039
-0.13212
-0.67454
3.26006
26.5471
2.13736
-0.162865
0.82442
2.2576
0.264772
1.07873
-0.850659
1.24508
1.52443
0.00473297
1.00799
-0.865289
1.15229
-0.533624
27.5807
-0.299411
-1.06626
-0.17608
0.037728
-0.775153
-0.882981
0.331694
0.334878
0.803124
-2.27307
1.45231
-0.949753
-1.81906
5.79879
-0.631563
-5.77554
0.238339
-0.218394
0.314194
-0.716237
5.65233
0.171294
-7.95328
0.490539
-0.106224
1.01878
-0.88964
4.96978
-5.27081
-1.16832
-1.65326
1.65152
-1.37007
-1.48519
0.480667
-0.653104
-0.524069
0.742172
-1.21089
-1.27267
1.78264
-5.64707
-0.675901
7.48036
-3.32469
-8.56672
0.392895
-0.0831559
-1.04867
0.230065
-0.27012
-5.27886
-2.39486
-1.88359
0.392807
-5.29924
-5.43106
-0.225135
-0.521084
1.2352
-1.38493
-3.16484
-1.18526
0.559948
0.00358167
-0.739466
2.16668
-0.28659
0.397624
1.73797
1.76738
-0.609243
1.44607
1.14602
-0.54011
0.452532
-4.07851
0.281827
-0.0664529
1.97213
-13.0059
3.73937
-0.944827
-5.07753
1.92163
0.68815
-0.596272
-3.03757
1.35174
-3.11116
1.22566
-1.30175
2.22086
-0.00628644
1.7998
-2.06876
-0.189161
-2.27455
-0.419332
2.46903
-1.8502
0.728034
0.36156
2.0661
0.0736327
0.691744
-0.642892
-0.729793
-0.50996
0.108692
3.1649
-2.9119
-4.43544
-1.03775
0.528283
0.616096
-0.294117
2.82158
0.160369
0.175511
-1.15804
-0.712164
-0.294118
-7.90716
-1.0626
0.593833
0.313418
-3.93731
0.0746465
0.528582
-1.18846
-1.2947
-1.15082
-0.532001
-0.905424
2.04537
0.1414
-1.0832
-0.0339494
1.23741
-4.67242
-3.25408
-1.89053
-3.52223
0.542926
-0.0940162
-8.69471
-2.31828
0.0435023
0.625353
0.752506
0.682748
-0.765792
-2.16998
-1.14588
-0.17685
-1.02142
-0.726073
-0.143956
0.773964
0.392135
5.81805
-0.328212
-0.973173
-0.357984
1.3334
1.58453
0.869744
-0.941821
0.11074
-0.0386995
0.106543
-5.77194
-7.28926
-2.01305
-0.976621
0.99174
0.130169
0.224398
4.06682
-0.897907
1.20684
0.313558
0.332101
-2.1402
1.69615
-0.549715
-0.74231
-0.637931
-4.9779
-0.324955
0.295294
1.73271
-0.862666
0.813896
2.10704
-0.297571
-0.558436
-9.61025
-0.112749
-0.187772
0.524654
0.157682
-0.764864
-0.464022
-1.56987
-0.233485
2.71886
0.590891
1.59613
0.820578
-0.710956
-0.830582
0.872547
-0.18526
1.95196
2.69314
3.40862
0.120585
4.12178
1.8922
2.53098
-1.09408
0.543579
0.495944
-0.861161
-1.385
-1.71613
-0.444673
70.9728
-3.74035
-2.25485
-1.02809
5.22326
-0.2183
1.62256
-2.80134
0.00219524
2.58204
0.0328854
2.18218
0.151117
0.503033
-2.34606
-1.00581
0.00225496
0.522589
-4.01871
-2.32591
-5.37044
0.408633
-0.401642
-0.554794
-0.980733
1.38277
-0.087608
0.194894
0.501096
0.781059
0.29658
-3.68068
-4.50503
2.25649
4.39278
2.87313
1.07333
-1.17824
-0.518321
0.78447
0.710135
-0.917
-0.994027
-5.66817
1.36858
-0.649847
1.56353
-3.96197
-0.688948
0.76999
1.84136
0.0478659
0.825162
0.487783
1.0269
1.2046
1.25428
1.3512
6.75413
-1.11016
3.44367
-0.530358
1.86452
0.0647336
-0.600371
0.932484
2.30784
0.0231361
-0.0121022
23.6252
-0.282187
-2.12388
2.09274
-1.40914
0.618523
0.094094
-2.0243
-0.691389
0.316499
-1.0754
0.315695
-0.940662
0.212738
-0.318355
3.30292
1.66916
-0.189165
-0.270387
-1.07664
1.30116
0.531615
-3.80978
-1.18639
-0.0437636
7.43279
0.152013
0.0846058
0.902323
0.533548
0.918025
0
-0.300523
1.16526
-0.683236
6.97239
-1.4964
0.508552
2.61696
3.54032
-1.87498
1.18685
-0.00420785
0.693324
0.623435
1.24417
-0.0180109
-1.16148
10.3698
0.369007
-1.94435
0.778367
-4.43116
1.7688
-0.225481
-1.88515
-1.37218
-1.01754
-0.45322
0.736152
-2.19161
0.0922755
0.591374
2.11352
4.98916
-1.5971
0.584074
-2.52194
-4.08033
-0.644406
-0.724274
3.40784
1.39435
-0.288641
2.15925
3.64962
0.193614
-0.831866
0.262811
-12.7776
-1.15638
-0.234753
-0.799162
2.85969
0.106221
0.258881
-3.37788
-0.529516
3.13896
0.00330448
-2.34229
-1.04229
0.316897
2.3958
4.91482
0.12161
1.84598
-1.19049
0.286376
3.85623
-9.74101
2.13051
-0.443676
4.71289
1.14095
0.567788
0.630342
0.0126537
0.579489
2.06291
1.39391
1.10842
1.86079
0.529694
1.34681
0.297732
-0.340035
-1.10524
-1.00783
0.852985
4.28762
0.846403
1.28477
2.57147
0.469418
2.54874
-0.500573
1.52793
-0.583847
-0.440168
-2.09134
-0.22515
1.4364
1.01213
0.830153
-0.724293
-1.42074
21.27
-0.358138
-2.32176
-0.0423434
-0.892741
-3.51214
0.912561
0.164338
-0.746239
1.96069
-0.370979
-1.46051
0.0912063
1.37632
-0.873537
0.497792
-0.425003
0.00642967
-1.14454
0.389582
-1.26595
0.607556
2.93541
1.01177
0.834652
0.31166
0.527391
0.599443
0.854472
-1.24982
-3.10759
-0.274184
2.79774
-0.161128
1.09815
0.332331
-0.0537145
0.482016
16.8955
-0.0747962
0.0945714
2.29698
-0.604256
0.90172
0.856955
-7.64497
-1.31828
-0.0751376
-17.5276
-3.32511
0.557083
-1.4728
1.75993
1.06893
10.8428
4.24398
0.240451
0.301061
-3.15484
0.900638
-1.20466
1.09341
-2.19786
1.07701
-6.26058
-0.0284905
0.0692443
-4.82615
0.140405
-0.871703
0.349616
-1.904
-3.12686
-0.953922
-3.58352
-0.529603
4.55228
-0.434768
-0.5321
0.587078
0.763731
6.31128
-0.370546
-1.63715
-0.089039
1.03023
2.51781
-0.823186
-0.829345
-0.8113
-8.99378
-1.81398
-2.81107
-0.258342
-6.4478
0.141775
-1.24982
2.11075
-0.955765
-0.275934
-3.82636
-6.131
0.317761
-0.192055
0.997499
0.0955516
-0.042945
-11.2186
-7.07228
0.19764
0.198257
1.30871
1.54479
4.79779
2.57634
2.8316
3.0532
-1.72776
6.03904
-1.68727
-0.228037
-1.33823
2.24515
-0.667003
2.97373
-0.4872
0.54958
7.58033
-1.06658
-1.03054
-0.0552406
-0.450947
-1.27647
-1.4254
0.269353
-2.12597
-3.35398
1.24713
2.79938
-3.21281
2.81767
0.200272
5.96315
0.441988
-0.927626
0.413046
0.0941275
0.339208
-0.0709715
-0.66895
0.754014
0.242894
2.89084
0.538118
-0.390529
2.16974
-0.815822
2.08589
-0.471563
4.27553
-1.87325
0.924117
-0.944919
3.4731
3.08941
-2.18225
3.50222
3.98798
1.72003
-2.43008
-0.30748
-0.412792
0.101339
-0.43085
-6.69686
0.326368
-2.96473
3.79471
2.40772
-0.905262
-3.0728
0.722914
-1.5918
1.55563
0.198556
-1.83632
0.423201
-0.560377
0.935079
0.725874
-3.1106
-0.336723
0.397061
0.719535
-2.57339
0
1.94798
-0.844457
1.24043
-1.07864
-3.91117
-0.350148
0.334049
-0.565153
1.54337
0.502045
-1.43834
0.968861
-0.909929
-4.97003
5.41549
4.24244
-2.67914
-2.06589
-3.88853
-0.363856
-6.05029
-2.05766
-10.4286
-2.46569
-0.676881
-3.97081
0.683199
1.70414
1.03644
1.30771
1.69467
3.78432
-1.7853
-1.39811
-0.913558
0.0367921
0.1211
-7.02906
-0.756697
1.63276
0.897743
-1.44393
-1.12558
0.502573
0.183134
0.13255
0.594241
-3.42285
-0.104631
-1.87428
-0.147024
1.49781
-0.227848
-1.40247
3.15413
-4.2246
0.22128
5.70576
-0.924075
-0.135871
-2.6743
-0.899105
0.370232
40.2039
0.0968042
-0.169346
0.149066
-1.94419
-0.350455
2.37497
-0.221769
0.192125
-1.28275
2.09364
-0.904746
1.83161
-0.485567
1.19922
-0.54113
0.533763
0.757189
-1.45019
-2.05488
0.533852
0.31863
-2.59261
-0.723512
0.443491
-4.04208
-1.1184
0.0147437
0.493631
-2.37543
-0.539165
-0.988374
1.52854
-2.00585
0.755207
-0.293814
4.80119
-3.78326
-0.0454761
0.324221
1.76574
2.72371
-0.821383
-3.69203
1.67733
8.63173
-0.173794
-2.44869
-0.399108
0.178884
-1.44029
0.103141
-0.635513
-3.29154
1.39084
-4.87109
0.654288
-6.09027
-0.233132
-0.220182
-2.68354
6.32802
-0.760425
0.529218
0.273339
0.004581
-3.01682
-1.26429
1.13159
-1.78883
1.76378
0.20498
-3.4444
-1.55867
2.00793
1.33681
-0.260983
-1.4705
-0.971297
4.78235
0.865087
-0.519766
-3.121
1.66213
-1.22144
0.659766
-0.545536
1.11471
-1.30076
-0.233877
0.523639
-0.651232
-6.87466
0.639885
-1.21266
-1.9561
-2.57476
-1.19382
-0.892373
-0.455946
-3.95619
-0.542892
-1.89704
0.191791
-1.7058
0.116706
0.974292
0.885777
1.71873
-1.02492
0.0503212
2.31142
-1.09634
-7.53528
-0.267434
1.81072
2.81065
0.0122714
-0.861771
-0.915485
-1.37573
-1.69905
0.661981
9.53498
1.56758
-0.2486
-0.292548
-3.78216
-0.512718
-1.09104
5.51556
-1.74555
-0.881786
1.05242
0.141809
-1.11999
-0.275616
1.51971
3.98903
1.06509
0.336845
0.492696
0
1.53003
-3.0631
10.129
-0.957855
1.01884
0.310752
9.12277
3.58835
-2.33944
7.49089
-5.40601
2.95297
-0.400355
-1.01633
-0.765273
-2.81752
1.78372
1.56642
2.18511
-0.310289
-0.599104
0.101818
-0.884615
4.64406
1.7022
5.59502
0.928635
0.350679
5.41472
-18.4933
0.0588107
-0.098193
1.02927
1.53284
-1.50385
1.58189
0.797682
-1.5688
0.358571
-1.13093
-0.120065
0.713157
-1.42832
-0.88242
2.21666
0.332212
6.09501
-1.95384
-0.0195634
0.648728
-1.28927
-0.319363
2.37254
4.5631
-3.7478
-1.51257
-0.442884
1.92188
1.54051
-1.26661
-2.12678
-0.0937219
-0.746352
3.13105
0.425919
2.28837
-0.357196
-1.10358
-0.450036
0.499364
-0.623879
-21.1062
-0.0616094
-1.29351
0.747171
2.21117
-2.35831
6.33005
-3.27652
0.278781
-0.481988
-0.213031
2.06767
0.597637
0.230471
-0.766711
9.16133
-0.492153
-4.31275
-0.471949
-1.53421
-1.05535
0.0666916
-0.81786
2.77539
-5.2098
2.35725
1.22302
-0.340716
-0.798872
-3.94787
-1.43851
-0.8471
-0.954444
-0.0424381
1.96118
0.646074
-0.662181
-1.70773
-0.659401
-0.214426
-1.32296
-0.713323
-0.684273
-0.566359
0.245224
-1.51558
-0.050982
-1.91338
0.234681
0.449908
-2.54793
-0.223191
0.557621
-2.0966
-1.9161
-0.970882
0.599088
0.653288
0.543298
-0.184399
-1.29851
0.128224
-4.20642
-0.631861
0.0500566
-1.79507
1.03948
-0.402544
-0.990096
-0.201001
-18.7039
-0.708119
-0.626448
-6.46661
0.0836508
0.145657
-1.72085
-0.632864
-0.353142
3.12164
4.09909
-0.392516
0.214288
0.1073
3.18374
-0.0814831
-0.234498
1.45493
-2.13483
0.0832508
-0.789285
-0.506804
-0.767917
0.860771
6.5455
1.13725
-0.975084
0.353931
1.37744
-2.30116
-1.86067
-0.316057
0.383119
11.8267
1.27554
0.235828
2.0166
-11.433
-1.4483
0.0712633
-4.50932
1.31205
0.656475
-1.31066
-0.375051
0.732635
0.169132
0.536519
3.7898
0.319165
6.66471
-0.371327
0.47351
-0.299309
0.528311
1.83658
-0.287624
-2.32215
-3.45627
-6.04408
-0.590257
-1.26269
-0.859136
-3.06583
-0.367351
-1.01711
-1.20572
1.7811
0.63628
0.542503
0.179788
0.545469
-1.99457
0.222121
0.0985525
0.122185
1.43733
0.764017
-1.26208
-3.8058
-1.56902
0
-0.00683188
-2.11739
0.473682
0.57236
1.50699
2.11827
1.52014
0.662316
0.564423
-0.304972
0.910832
1.22634
2.24958
2.25471
-0.388014
0.51442
-3.10413
-0.986232
-0.645377
0.377402
0.0222318
-0.174417
-1.09053
-1.0903
0.028476
-1.06558
0.580387
0.431587
1.38276
0.553377
2.02597
7.33197
-0.431073
-0.775474
0.632535
0.884855
-0.330652
-0.477715
1.03358
1.27483
0.917251
-0.486265
-0.366001
0.144147
1.62349
1.39741
0.387249
-0.181457
0.795935
0.126815
5.37322
-2.20375
0.320878
0.0114428
-0.686979
0.312146
-1.08754
-9.97684
1.45622
-1.86355
0.0205968
-0.635559
-0.47665
-1.03793
0.240586
-2.24569
-2.3449
-1.52387
-2.3403
0.549128
-0.863278
0.616453
-0.290392
2.35159
-0.426499
2.01945
1.48246
1.86357
0.408506
0.587024
-0.509876
0.168433
-0.878382
-2.02664
-0.792655
-0.480669
-2.91388
0.379855
4.14347
0.989329
0.449207
1.27925
-0.278133
0.703805
1.17086
52.6414
0.801571
-1.09794
-1.57057
0.074379
5.41021
3.6897
-1.57866
-1.64219
0.895793
-0.92511
-1.0919
10.0046
-3.54014
-1.0654
2.01837
6.23811
-0.586427
-1.31408
-1.0867
0.069665
-0.112049
-0.0501963
-0.12548
2.45563
-36.3929
-1.36304
0.47266
-0.398232
4.24828
0.514213
0.0629184
-0.0158417
-0.854935
-2.97788
-4.57263
0.0457692
-0.0743618
0.633421
0.394666
-0.275427
-0.159473
2.35065
4.79808
0.0928321
-0.069619
-0.901629
0.0222618
-0.740916
-0.847212
24.205
0.131928
-2.48404
1.93441
0.568839
-0.983981
0.0856776
2.38911
-0.650792
-10.1666
-0.373709
0.41149
-0.615821
-0.00231856
-1.32602
-1.99975
-2.79174
0.0119617
-2.49021
5.23134
4.4011
-34.5986
-2.08981
0.184735
1.42771
-3.1663
2.68276
1.88892
-1.61829
1.53022
-0.299816
5.64506
1.96014
0.562158
-7.62602
4.3756
2.67881
0
1.57968
-1.59936
-2.31582
-0.779415
6.73219
3.95207
0.357841
-1.60481
-1.77746
0.877115
-0.691555
0.298084
1.20424
2.04387
-1.63342
-0.730283
1.48618
-2.97514
-0.135988
0.0624619
0.252885
-0.0654953
-1.83577
0.300895
0.0218789
6.77633
0.122041
-4.49573
-0.0965716
-0.868958
-0.564764
3.15028
1.79396
-0.538665
0.203142
-14.5379
3.18868
-3.25932
-2.56648
4.0109
2.92815
-0.376642
-0.216178
1.83721
0.410736
-0.349897
-1.14447
0.90386
-1.37018
1.44405
-0.455515
0.50646
1.50041
4.25753
4.16394
0.453716
35.7605
-2.68537
1.15716
-0.00476392
-1.26411
0.203999
4.25023
0.223204
0.167212
-1.01095
-0.291425
0.816471
4.57292
-0.223424
-0.207968
-2.53632
2.10456
-3.72985
1.51809
1.22015
-0.0922782
0.68324
-12.3928
0.891354
4.46319
1.15583
0.605542
4.96891
-0.162392
0.959223
-1.06762
-1.13655
-0.392225
-0.528508
-1.10839
0.748952
-1.95521
-0.547555
-0.15581
-1.66291
-0.806646
0.357575
-1.34327
1.73476
1.00933
0.102134
-0.804766
0.570871
-0.283108
-0.656885
1.23022
1.8533
-1.87723
-3.87947
4.44964
-5.40719
0.938902
1.22024
-5.53159
0.906614
-4.50004
-0.20262
0.663778
3.64151
0.176459
-2.67523
0.447696
-1.51211
-2.07564
-5.40279
-1.77924
-5.58824
-1.32238
-1.65787
-0.880458
-0.526894
-1.83388
-1.87084
2.52494
1.02287
-2.69821
-0.846205
0.633716
0.145155
1.02869
0.0390511
-2.11177
1.3556
-1.09864
-0.283737
1.19502
0.756358
0.66757
-1.27512
-7.70521
0.397325
1.09443
-0.804316
1.14101
0.910436
-1.16239
-1.39012
0.469734
-0.462141
0.109159
-0.0656351
0.664738
1.07007
0.405288
1.14912
-1.89425
-2.04419
-0.588467
-0.129016
10.3839
-0.0443587
2.88657
2.08411
-0.516436
-9.5729
0.627437
-0.038162
-5.57204
2.47207
2.68743
0.639885
-0.902874
-1.58113
1.26268
0.00400746
-0.298366
0.50239
8.63277
0.466248
-1.42165
-0.306144
2.23367
-1.03803
0.5914
-1.13305
-0.757731
1.69698
-1.3775
0.983524
-5.39714
0.979271
-1.07139
-0.0879125
0.651556
-1.97829
0.82625
-7.2735
0.723325
-1.50275
2.48149
0.412055
0.99966
12.5823
-0.255986
0.719194
-0.915294
0.593038
-0.0698078
2.08068
0.240385
3.64554
-0.893068
3.28845
-1.2698
-1.64993
0.443092
1.95573
0.703529
3.90705
-0.0574078
0.0663273
-0.444526
0.719907
-1.92898
-0.555678
-2.56206
0.561987
-0.997441
-0.764645
0.285698
0.987114
0.112434
0.703111
-4.96556
0.711754
1.28081
-0.725143
-2.35005
0.365999
-1.53079
-9.09827
-0.286486
0.426242
0.650213
-13.4808
0.674845
-0.996428
-0.683737
8.41059
0.627959
0.0982161
-2.37013
-0.176892
-0.199224
2.47137
6.81448
-1.05515
-1.67541
-0.584091
-1.02085
3.02675
1.42096
11.2761
1.14088
1.25029
1.08593
1.70753
0.9859
-0.687411
6.15251
0.291967
-3.4296
-0.366585
-0.64616
-0.418848
0.6684
0.0830643
1.34357
0.0745289
1.5827
0.289146
-9.30785
-0.182185
-0.123446
-0.149011
-2.48058
1.07253
2.53311
0.595124
4.90232
0.200893
-0.589544
1.01976
2.13624
-1.16495
-0.0516073
0.735906
-5.11382
-2.09311
0.795025
-2.04434
0.228963
-0.00308955
1.06783
-2.98289
0.76383
0.041271
-1.21816
-2.4999
-1.18984
1.25365
-0.397091
-0.189496
5.68529
3.61594
0.809057
2.3407
-0.70759
1.59989
-6.48386
0.116676
-0.381437
-0.546122
-0.347957
-1.83037
0.590263
0.446092
3.63164
1.23284
0.118139
-2.56311
0.914473
0.0360217
-1.48051
0.890896
-0.560223
0.796515
-0.990337
-6.10945
3.34291
-2.80034
-0.41967
1.36321
-1.45145
-5.08793
1.44489
-1.10723
0.308393
0.496235
-1.00993
2.13878
-1.45272
1.13637
-1.25242
-1.30264
1.86336
-0.869919
0.676316
-0.770676
-5.76966
-4.79477
3.81709
-1.91913
-0.592495
-0.572153
1.43954
-1.21123
-1.44256
1.35287
-0.678722
1.27455
3.57397
-2.31332
-0.657465
-14.3672
-0.584193
1.30532
-0.832311
1.96236
-0.486393
-6.88151
-0.377885
-0.201349
-11.9398
-0.615561
2.19707
4.89769
-0.193263
0.38335
2.16093
-0.36949
1.28448
0.40781
-0.505752
-8.8629
5.20969
-0.554396
-7.81354
-5.90859
2.85477
-0.337672
-0.553362
-3.76176
0.160944
1.22923
0.108131
1.04927
-2.46674
1.39337
-0.701007
-0.44052
0.542512
2.60885
0.692918
1.5323
-1.05189
0.697214
-1.04522
1.92138
-0.0370786
-2.96953
0.310196
0.622726
-0.815837
-0.122683
1.26906
0.760192
0.365513
0.162148
-5.08284
-4.52584
-0.505398
5.2441
-3.71272
1.39133
-0.0440174
4.72891
1.01869
3.05183
0.411788
6.59073
-1.22209
-0.260814
-0.362515
-0.115024
-1.13179
-24.223
-10.3187
1.96695
-0.443717
0.268444
0.869455
1.96257
-0.486937
0.211262
-3.51487
-1.57623
-0.949832
-2.87841
-1.0277
2.5707
-0.171778
-0.63491
-0.796485
0.566318
0.219284
1.89758
2.54494
1.61533
0.468756
14.441
0.954018
1.27662
-0.0994039
-1.24072
0.135031
0.876265
-0.214439
2.063
5.62737
-0.0656462
-2.10498
0.710929
1.02114
4.70503
-0.037574
-0.762046
-0.108991
-3.51862
-0.75089
-1.49554
-1.28033
0.453258
-0.193544
3.02418
0.731035
0.250613
0.512612
1.96768
0.0762964
0.463445
0.686497
-1.76517
-0.580375
-4.54616
-0.595847
0.836584
0
0.683775
0.0540361
0.292695
1.1148
0.389889
0.0945833
-2.34306
-0.037257
2.0422
-3.42096
0.276913
-0.151709
0.666333
0.0744338
1.34908
-0.237594
-0.167342
1.46093
-0.691234
2.01323
-0.360141
0.841171
1.3413
-0.908774
0.184233
-0.357319
0.623987
1.38076
0.13397
1.655
1.25636
0.199398
-2.25639
-0.086364
-1.34123
-1.13955
0.553555
4.34473
2.24166
3.6269
1.02677
0.425485
-0.564937
0.904536
0.911801
-0.727871
0.425768
-1.82878
-0.317956
0.898529
1.01386
-1.03344
0.0935242
-0.765761
-0.773415
-0.000352621
0.351199
-1.38496
-0.513296
-1.45857
0.240868
-0.242812
-0.600922
-0.908039
0.860345
-8.30922
0.729402
1.04488
1.13054
-0.638823
-2.55962
1.02703
-0.682444
4.50656
-0.44094
-0.276134
1.67335
0.296115
0.88363
-1.53632
-0.20364
-0.366303
-0.240946
-3.18374
-0.254113
1.68659
0.361828
-1.02749
-1.15914
0.121539
-2.42407
3.80914
3.91075
-3.26278
-0.155126
-0.658178
1.56589
0.683509
5.43806
1.61117
1.98735
1.96162
-1.50677
1.18347
0.687428
-0.168559
0.0247567
3.45831
-1.79398
2.2706
3.86127
-0.513589
0.82664
0.142464
-1.59798
0.0375403
0.351464
-0.557042
-0.0976388
1.42071
-1.52719
-6.23618
-3.27217
0.0894637
-1.70582
-0.195626
-0.912516
2.48103
4.66732
0.470705
-0.238176
-0.408389
-0.542048
0.318467
1.46764
-6.7243
7.72425
0.18188
0.837907
0.485333
0.449112
1.65404
-0.297559
1.98642
-85.9488
0.0398879
0.375023
-2.87117
-4.51005
-2.36034
0.434879
-1.54315
-0.364008
-1.26151
-0.807719
-0.0840223
-0.0168283
-5.46416
2.02212
-0.355746
-0.241195
-1.7496
2.63199
-0.793816
-1.78066
0.460361
1.80855
-2.6702
-2.00181
-0.194547
1.36657
-0.165082
13.2615
-0.415629
0.402389
7.12573
-0.239249
-3.08149
-0.407042
-1.75471
0.214332
0.72349
1.06863
0.182877
-1.07049
0.882376
0.0780677
-0.248684
-5.99049
-0.461357
1.21041
-4.27281
-0.620688
-5.51287
-1.8436
-3.17961
-1.21746
0.809013
10.3161
2.16327
-4.39223
-0.656974
1.51219
0.561832
-0.0676289
2.85565
-0.905805
2.05868
-0.0217558
2.80134
-4.46623
0.799051
0.249677
0.374901
-0.0930753
-0.514419
0.265213
0.27113
0.130084
0.0117665
-0.666862
6.51414
0.507602
0.752464
-0.324566
-0.0372303
-0.312521
-0.985179
0.329386
-0.15409
-0.228736
0.435587
0.0595661
1.6513
1.19522
-1.66544
-1.6962
-1.95637
1.94586
5.98559
0.250314
12.6058
1.10216
0.186563
-1.52518
0.894871
0.489093
0.376903
0.444312
7.37508
0.585387
0.972821
3.58385
2.17305
-6.01785
0.840552
-1.10077
1.61512
-0.552287
0.238534
-2.02383
-0.028522
0.837093
-0.0993409
-1.89611
0.421138
1.85951
-1.02855
-2.73316
0.0709038
-7.36174
0.415721
0.754609
0.445037
0.756578
-8.9003
-3.81902
-0.348082
-0.0986637
3.89596
-0.63469
0.816624
-2.16692
0.22228
-2.7161
0.347884
-1.62157
1.03175
3.14531
7.4018
-1.38963
-3.25187
-0.485098
0.83013
0.21138
5.37551
-1.89035
-0.159869
3.8053
-1.66533
0.646406
-0.587849
-2.04852
-0.319873
-2.51449
-6.04902
-5.54538
-0.81846
-4.39387
-0.549097
-0.651316
-2.03598
-1.44497
3.86006
-0.471922
-0.241639
-0.218061
-0.169411
-7.52062
-2.45074
-1.05503
1.28441
1.65239
0.228079
-2.3394
-0.0458171
-0.519197
2.36602
-0.483228
-2.83635
0.9327
0.683957
-0.511239
1.21542
-0.496149
0.995181
3.4503
-0.11149
7.88169
-1.61078
1.13663
3.91719
-0.113653
2.62949
-0.823533
4.60849
0.837966
0.664117
-0.746364
2.86054
-0.189191
-0.766053
0.501143
0.44006
2.42406
0.785822
2.67146
-0.115744
-1.91516
-0.0923101
-0.190775
0.375995
-2.32653
0.0128467
10.0158
-1.94354
0.00987053
1.62347
-0.523355
0.380313
1.33893
2.17365
-0.339768
-7.05112
-0.113925
0.730088
1.92879
-0.573023
1.1342
-0.309831
-0.163325
1.14768
-1.06606
-0.264319
8.17177
1.07631
0.859205
-0.0213716
0.209213
0.127405
-0.765189
1.05863
-0.284948
0.452
0.457282
-0.460351
0.0404459
0.123855
0.965474
-0.467501
0.892409
-0.103951
0.201321
0.557072
-1.58179
0.626218
1.66558
-0.73097
-0.143448
-0.629948
1.41933
3.11015
10.7741
-0.152213
3.05838
-0.101244
-0.0288564
1.28075
-0.547894
-0.278137
1.14457
0.287471
-0.550097
-0.948197
-2.72235
1.17003
40.8363
0.391603
0.224643
1.12272
8.41135
0
-0.676539
0.0147094
-0.198775
3.09871
-1.64397
-1.52943
-0.696992
-1.38183
0.332829
-0.205063
-0.0625353
-1.45555
0.173904
0.217867
0.0558136
1.08349
1.25123
-6.18873
-0.740192
-0.450764
0.272134
-0.0123819
-0.939323
-0.685167
-0.282607
0.474038
-0.639088
3.50075
2.67084
1.11607
-0.553807
0.279698
2.10588
9.16725
-2.44031
-0.0443859
0.472418
-0.165068
4.31739
-0.169389
-2.53367
0.500267
0.865691
0.0646453
3.52977
0.210139
0.378431
3.1517
0.814458
-2.6324
-1.03877
-0.894606
-1.11372
0.670838
-0.823914
-2.34011
1.09567
0.379101
0.251474
8.86074
6.05602
0.726741
-2.03417
-0.889705
2.38522
5.46479
-0.404387
-0.40567
5.44032
0.0721344
1.06504
0.911429
0.277058
-6.23051
1.08355
0.36349
0.56213
0.210406
-0.372932
0.907973
-6.55353
-0.546177
0.843706
1.44061
2.24232
-1.02324
0.255192
-0.571141
0.0522176
-3.75486
0.521881
-0.849602
1.17111
0.812351
0.957642
0.580128
0.367064
0.196053
-1.77844
-1.17961
-0.270275
-0.247047
-0.160064
-1.39543
-0.660401
-0.57198
-0.63809
-0.306255
-4.90897
-1.1048
7.33618
-0.213808
0.37856
0.382293
0.374353
0.383483
-2.70326
0.184305
2.96648
-0.139217
-0.100719
0.622172
-0.115353
0.0753109
0.798736
1.29053
0.142168
-0.292577
0.121707
-0.711309
0.300333
3.28623
1.43863
-3.465
-0.962044
1.16702
0.263294
0.161109
-1.58009
0.631632
-0.17773
0.398355
4.47217
-1.00643
1.50249
0.0832292
-0.0664147
-1.53005
1.27313
1.13792
0.987971
-2.37382
0.187627
-0.148337
0.644077
0.0575599
9.68216
-2.01359
-1.03243
1.38599
-0.558693
0.762462
-0.163231
-0.481631
-2.18385
-2.22194
2.27979
-0.370098
-0.353482
0.0500672
-0.301403
-0.492535
-0.311514
-3.42693
-0.193469
-0.722845
-1.29658
0.166746
-3.35912
-3.27586
-0.401527
-0.482585
0.562626
-0.221833
2.61192
1.42957
-0.376953
-0.511044
15.9323
-3.06366
-1.37894
1.46958
-1.29702
1.47769
16.8183
0.200384
-0.620702
0.216217
0.983238
11.4252
0.891598
-0.119966
-3.2715
-4.094
0.288548
-2.00743
-0.0908994
0.753991
-0.439591
-0.0864003
0.477995
0.0666146
-5.44549
0.320728
-1.91873
-0.436706
1.8081
-6.12182
-0.797819
-0.463092
-1.11975
-2.09242
-0.0771081
-0.0270021
0.620143
1.79444
0.143816
-0.0400897
2.86632
0.0947151
-0.0464206
-5.58016
1.83705
-2.3833
0.333068
-2.39096
4.11686
-10.8723
5.38702
0.261708
0.984367
0.948381
-1.28081
-53.0395
-1.55769
-1.01016
2.67554
0.884782
-0.751125
-1.03871
-1.0156
-0.226705
0.577351
-0.569795
2.01126
0.326405
0.253733
-4.4349
-0.183508
0.305172
-2.17257
-1.02948
-3.26901
-0.496284
0.125228
-0.809569
2.38485
5.68151
-5.63347
-0.183171
0.167781
0.684686
-11.3619
-1.70605
-4.11125
-0.79973
1.43522
0.246026
-1.60082
-6.53475
3.24052
5.73542
0.888704
-1.38886
2.37808
-1.11498
-3.62001
-0.151909
0.229893
0.58077
-0.0856813
-0.608882
-4.42011
-1.68984
1.38112
1.5857
0.689169
0.0411245
0.711821
1.37105
-3.75098
1.14744
1.01584
0.249562
-6.03423
-1.78971
-0.403233
-1.65556
0.429513
-1.77829
1.36116
-0.467132
-4.2052
-3.9959
1.93219
58.3841
1.93688
-1.84999
-2.07816
-0.664502
-0.43384
0.375561
7.01275
0.364023
2.04532
1.07434
0.211431
0.0418433
-0.148809
0.33231
-1.16455
10.4094
0.429252
-0.604955
8.73438
-7.18032
0.784545
0.836926
-0.385463
-2.54206
2.76656
-0.860774
-0.39659
-0.385093
1.08972
2.47955
-0.888659
-4.71378
-1.2041
3.38734
-0.917253
-0.895509
0.37675
1.62408
0.161657
1.49851
0.0126427
6.68695
2.4627
2.78442
0.159133
-3.08536
3.36202
-2.1091
1.54365
-0.3804
0.707935
0.436356
0.14964
-1.56441
0.90278
-1.52912
-1.90307
0.899617
1.28426
-1.46628
0.439635
-0.671543
2.11638
-1.47503
-27.0158
1.20383
-0.344199
-44.2278
0.403002
2.52619
2.04173
-2.47937
2.16651
-0.0296495
-1.8901
1.94684
-3.65284
0.413682
1.57598
-0.233804
-3.65152
0.0275562
1.95477
0.575151
0.770625
0.496794
10.0157
0.508838
0.429757
0.592458
0.299684
-1.42286
-0.249213
2.48708
1.93432
0.795019
0.124562
-6.4755
-0.422891
-3.36186
-0.527567
1.94844
-6.01037
0.270494
2.61355
3.04811
0.597916
0.472208
-1.13574
0.0376007
-6.24826
-0.674546
-0.61682
-5.667
-1.58022
0.750285
1.15694
-0.444165
0.654944
-0.499969
0.203981
-0.187429
3.43466
3.23215
-0.627931
-2.32429
-0.36171
-0.953181
-0.498307
2.37371
-1.4017
-0.686961
-4.99907
-0.24379
1.87242
4.14832
-0.017946
-1.11202
3.03479
-0.453313
-1.17906
-1.90053
-0.143428
-0.168077
-0.256246
0.0228421
0.313119
-0.186955
-0.234719
-3.24583
0.00201069
3.78281
-4.21399
0.0237041
-2.47074
-4.43947
0.0500117
-1.05844
2.19961
0.000777245
0.533433
1.47303
0.0600034
-1.55844
0.197291
1.17528
0.711293
-0.186338
0.208589
1.20585
1.49196
4.35717
-1.85158
0.881536
-0.116316
-1.28246
1.51856
1.51454
-0.174248
1.53572
2.11716
-0.828679
-0.0476744
0.78465
0.119407
-1.41244
4.035
-0.752221
-2.33375
1.8159
-5.93464
-0.470114
0.272713
6.47391
-0.966029
-0.727374
3.2349
-1.99274
0.691637
0.895094
-0.283939
0.433723
-0.847044
-2.69667
0.0605617
-0.743143
0.305405
-0.541715
8.79422
0.239088
0.478711
0.242185
-1.11895
3.42937
2.40488
-0.996653
-0.382467
3.11084
-0.260661
-4.39118
-7.8229
0.380292
0.133098
0.16957
-1.89808
-0.313782
0.765724
-0.68953
0.564423
0.636576
-1.36493
0.337519
-6.22145
-1.11245
0.636589
0
-0.77113
-1.94082
-1.78428
1.49068
-0.017367
-0.0724899
-0.121537
-3.08728
-0.0988891
-3.24568
-9.82571
-6.45
-10.0005
0.235716
1.98361
1.97598
-0.21381
1.15117
-1.25378
1.45332
0.141873
1.24364
0.160673
-3.38226
-0.590445
1.23448
0.438216
1.034
0.309542
4.12117
0.647419
1.41533
-0.577657
-0.42927
3.04823
-0.0841868
0.692387
2.32351
0.283408
-0.712691
-1.30207
-0.809564
-8.84621
-6.53398
-0.397955
-0.39742
0.180391
0.794358
1.22653
-2.08326
-1.92349
0.70889
1.74021
1.13186
3.82767
-0.236105
0.276983
-2.01463
0.666333
0.226279
0.580987
-0.314656
-1.5012
-0.933061
0.710063
4.02369
0.301942
-2.66039
-1.62943
0.647486
0.521776
-1.11348
-0.0940918
1.69118
0
-2.15968
0.802387
-0.0846398
-0.461244
-2.48313
0.280037
-0.786833
-8.26486
-0.169262
1.29212
-0.269645
-2.52473
-6.02452
-1.19006
0.889131
-5.8472
-0.0588546
-0.14739
-0.0669139
0.890762
-0.462593
0.502301
-6.19721
-1.69298
0.366736
7.03358
2.23537
-0.21403
-1.89778
1.4531
4.74663
-0.957178
0.49729
-1.54639
0.642166
4.54537
-4.07857
-1.73964
-0.21002
0.833669
0.237239
-1.58473
0.9345
1.09365
0.105949
-0.939166
6.49782
0.325884
-1.59654
1.26404
-0.518424
0.426161
3.46569
0.113466
0.5597
-2.66988
0.340858
-0.139998
-1.42991
-15.3926
-0.535525
-3.58183
-1.3752
0.753076
0.66467
-0.913446
0.0658256
0.727047
4.22196
-2.20975
1.52978
-2.62873
1.90721
-6.97073
0
0.171548
1.8595
0.284266
-0.108661
0.735899
-1.38877
-0.100888
4.00933
-0.328116
-0.73199
-0.849894
0.804453
-1.71869
4.37653
1.66578
1.50098
5.40231
-1.11743
0.649209
2.09639
-0.0111394
0.369519
-1.705
0.469751
-0.345536
-0.873664
-1.18414
-0.622397
0.916613
0.824086
1.97712
1.50209
0.543063
-0.472975
-1.24798
1.45404
1.23188
0.239237
-1.31076
1.0569
-1.32571
-0.612272
14.7707
0.130993
0.0056296
-1.10143
0.877165
-0.221105
0.92808
-0.323682
0.526372
-0.309368
0.927091
-0.539636
0.0183748
-0.299747
0.715403
3.51078
-0.529089
2.95434
4.26213
2.99457
1.6907
-0.572628
-1.34035
-3.36496
-0.141536
0.596995
0.395855
0.552219
-1.02257
-0.682117
-1.3794
-0.0728316
-0.62267
1.16993
0.460134
-0.557659
-0.842481
-0.852749
0.359114
12.6682
-0.720321
0.188269
-0.0474143
-2.94189
-0.122517
0.495901
-0.301475
-7.61135
3.66347
1.74121
12.0573
7.07407
0.536759
3.43449
0.696736
0.451775
-4.42683
0.617936
0.0522604
-0.191269
-2.88339
0.0512968
2.3734
-0.147601
-0.929513
-0.425963
-2.10046
0.978303
0.843242
1.71052
1.82516
-1.34811
1.71617
-0.315107
3.33101
0.235272
1.27442
-1.18708
2.87361
-0.836822
-0.499726
-3.84632
0.289026
-5.38952
1.53592
5.45729
-1.76455
-0.41363
3.66268
-2.89461
3.32742
0.947862
-2.29896
-1.76439
-0.2796
1.48383
-0.433007
5.15129
-0.175443
8.0355
-0.761122
-0.494109
-0.565014
0.391486
-5.57745
-31.1863
0.449479
2.39727
-0.0360932
1.85074
-0.020273
-0.0469643
0.67172
-0.333245
-0.109126
0.540862
1.30061
-0.309882
2.67024
-0.473248
0.0638885
-0.123597
2.29559
0.477141
0.0365818
-5.55249
1.2601
0.910599
5.0692
0.177174
-1.71942
1.16368
0.649955
-0.920312
-2.91279
0.59186
1.45294
-0.496235
0.820915
0.810226
-1.64699
1.1993
-0.330931
-0.185174
2.55508
-7.0778
1.32203
6.43245
6.87497
0.637468
1.09057
-0.617885
-3.48979
-0.0175526
-0.264271
0.306682
-3.09646
-0.487745
1.03569
-1.40217
-0.129874
-0.319281
0.0453118
2.44685
-1.20978
-0.411633
-1.95783
-2.87491
-0.579758
9.38435
3.38389
0.0221466
-1.54683
0.855138
3.33793
-0.00108331
-1.64062
0.552461
0.216114
4.88018
0.299363
-0.197003
-0.0449377
-0.384376
-0.198369
3.26328
-0.301955
-0.162007
0.457161
1.74088
0.244275
45.4644
0.949321
2.95483
5.1689
-1.29449
2.56459
-0.0684907
3.32707
1.76473
1.19574
-0.888153
1.30939
1.40308
-0.424499
0.965051
1.85166
-0.859002
-0.629026
-2.95146
-5.01322
1.11341
-0.103724
2.79227
-0.0741698
0.550364
6.84124
-0.339528
0.412321
1.31645
-2.38622
0.57883
-1.01741
0.825251
-1.06377
1.54404
-0.999963
0.697782
1.80282
3.79394
-0.32568
2.16299
-2.14677
-1.57098
0.327607
-1.24047
0.706648
-0.215769
1.4568
0.0579607
-0.782058
-0.0579182
-1.16689
0.634559
-0.366941
-2.08427
0.202985
32.5044
-1.34983
0.118975
-0.468264
-0.0887876
1.03078
0.230349
-25.3543
-0.828019
2.44464
-4.46864
3.27735
-0.715109
1.23861
-0.0617585
0.193573
2.34729
-1.57208
-0.0255349
-1.21417
-0.294069
-2.46375
-0.684783
-8.29568
0.365276
3.14468
-1.16823
-10.015
-2.48724
-1.17292
-1.24092
2.66151
0.842716
-0.537458
-3.15763
5.77966
0.371907
-2.75227
0.944403
0.491206
-1.43158
-0.374149
0.558365
-1.29719
0.346663
-1.50216
-0.842754
2.19004
-0.577593
0.900626
-0.403441
-0.448642
1.51777
-12.1532
-1.41924
3.4795
6.48732
8.6596
-1.65639
0.324012
-0.855936
0.592183
0.994056
0.108025
-0.341087
-4.76347
0.427365
-3.944
-2.59387
4.44675
-1.86365
-2.62817
-10.4675
0.513127
-2.98409
-0.0880845
1.15169
-1.02746
-3.80316
-0.802541
-0.196956
0.321751
0.0871162
-2.83046
-0.381175
6.10542
-0.207153
-0.588363
0.220262
-6.92651
-1.00617
-0.155781
0.471494
-0.217326
-0.541376
-2.7886
1.00718
-0.933883
-1.62833
-0.62013
0.23126
-1.55985
0.589653
0.960851
0.530443
0.156142
-1.04951
2.32894
-1.66288
1.42152
3.74227
9.09449
-0.453923
2.28189
-0.143742
2.31369
0.300194
-0.159748
2.15705
8.57985
-0.143227
-0.014268
0.00598168
-0.471404
2.15176
-0.358819
-0.874336
0.191264
0.839785
-0.502137
-0.5155
0.868245
-0.387067
4.30319
0.453635
-2.96294
1.4302
1.03804
-1.60191
-0.140136
2.06765
-8.36358
-3.45751
1.67544
-0.421599
-0.0627624
0
1.02707
-0.454212
0.378686
1.11555
6.84649
-0.0985193
-0.316178
0.285139
-0.59728
6.14452
0.464722
-0.557574
1.24871
0.590918
0.372444
0.0346361
-2.83774
3.64742
-0.8643
-0.278808
0.107385
-0.174919
0.0749826
-0.459522
-1.03995
-0.656776
0.1789
0.397882
0.737643
1.36349
-1.79939
-3.16218
-1.74974
1.27376
0.0683122
0.355084
0.106048
-0.541759
-0.664054
-0.467075
1.08614
0.798866
0.775314
-1.18869
16.7059
-1.35893
-2.93777
-0.193718
0.858605
-0.840826
2.04095
0.518707
-0.157727
0.485198
-0.0151386
1.63111
0.138392
2.85198
0.503831
-2.8311
-0.466462
1.24346
0.0165412
-3.28861
-1.05549
5.6942
2.26778
0.117767
2.4435
0.585062
4.30333
1.20275
0.638434
0.263473
-0.697703
-0.37231
-0.454727
-12.2269
-1.81111
-0.129531
-0.616097
-0.606074
0.387113
1.11163
6.99263
-2.26936
-0.120971
1.12767
1.39989
-1.6649
6.18401
1.24822
-5.93879
-0.336694
-0.00415659
4.22059
-0.721214
-0.654707
-1.45532
-0.667404
-0.230669
-0.777597
2.23313
2.76745
-0.299558
1.73545
1.07287
4.88775
-7.89415
2.29768
-14.2702
0.455527
0.120026
1.43157
-0.06857
-1.18718
4.30789
-1.42208
0.740556
-0.621742
-7.33299
-0.63109
0.19082
-0.0469453
0.643057
0.779895
-2.29489
-2.75559
-0.350982
-3.18743
0.135337
0.769154
4.99761
-0.514252
-1.68054
-1.07168
-0.17863
1.64212
-0.169668
-1.09969
-1.67508
-0.663259
-1.01673
-5.96785
-0.508649
-0.203557
0.0842121
-0.880178
-1.69479
0.346889
8.1071
1.74665
0.765929
-0.172251
-2.47503
-0.580467
-0.323321
0.82072
-0.442449
-4.26094
3.82635
-0.572788
0.517482
-0.672217
-0.416986
-6.72478
-0.528779
0.970114
4.4609
-1.89544
0.0315082
2.1084
-6.63897
1.68671
-0.210251
-0.88137
-0.575051
1.1127
-1.84467
27.0767
0.400852
1.47699
0.0739385
0.0139852
-0.74048
-0.595113
1.11117
1.42462
-0.799445
4.42941
0.237181
0.572604
-0.021807
-4.67192
0.764722
-0.830119
-39.0146
-0.119019
-2.36979
-0.179333
2.23679
-2.25699
-1.79364
-1.34241
0.079413
-0.135904
-1.638
-0.456275
1.15047
3.21507
2.59712
-0.90414
11.8238
-0.278105
0.408713
-4.35729
3.74923
-0.00421143
-1.19251
-1.87737
-3.55791
-1.8118
3.33677
-0.585318
0.121365
-0.550384
0.593761
-1.34316
11.9883
0.282131
-4.04211
1.03619
1.03251
0.514412
0.335608
0.850651
1.48985
0.445343
-2.90245
3.58008
0.47863
9.62711
-0.131731
-1.17644
-0.377797
2.65587
-2.45035
-6.92013
-0.0154862
1.89471
-0.890374
2.50842
0.667706
7.0044
-1.09776
0.809313
0.735423
-4.0081
-8.16356
0.0542355
-1.31184
-0.643206
3.51357
0.174759
-5.50431
0.089473
0.775292
0.217585
-1.37039
-4.1384
1.78598
1.62791
-0.760966
0.382691
5.03498
-0.687528
-1.56542
-1.12177
-0.144431
0.0532527
-3.2076
6.24172
-4.20772
3.9173
-1.94714
0.6268
2.05095
0.228767
-0.769014
-0.202071
1.4938
-0.40433
5.91326
1.35779
-0.717639
-0.624211
-0.832665
-0.579913
-2.45873
1.56365
-0.518437
-0.314848
-1.48731
-1.85206
-0.164315
3.8168
-0.691315
-8.04825
1.43197
0.248905
1.64899
7.85524
5.71643
-3.8408
-2.29556
0.110068
0.307975
-4.0617
-1.10048
-0.269759
0
-7.87671
0.210223
1.17772
0.410925
0.660264
-2.34849
4.10018
0.99446
2.41657
-1.30409
6.61191
0.495653
0.486476
1.0173
2.16333
3.58154
-0.366926
0.615414
-1.19099
-5.19605
-0.552852
0.037123
1.36165
-0.190472
-1.00574
-2.55422
-0.635143
1.058
-0.383699
-0.349406
3.90979
1.29853
-9.40555
3.70746
1.2983
2.01454
-1.01624
-1.20396
2.96223
1.42912
-0.880962
4.12122
-13.2789
-3.71872
-1.04721
-0.236302
0.46179
-0.0783365
1.5209
-0.371593
0.0141814
0.559209
-2.09011
11.7063
-0.181021
-0.23596
3.09016
0.918271
-0.164522
1.0704
0.520336
-0.263202
-0.278436
0.301607
-0.497383
0.0592604
-0.414778
1.38331
-0.119006
1.76097
0.24142
1.87969
0.36531
0.146662
0.324706
-1.50621
0
4.55626
2.21674
-0.603828
2.7333
-0.703158
-0.0780132
-0.204677
-1.20357
0.28938
-0.411237
0.599433
0.661591
-4.04685
0.917749
1.87826
1.39011
3.86892
-9.52723
-0.913482
-3.16917
3.92431
-0.712623
-13.9107
-0.612506
-1.79887
-0.502104
2.09437
0.348563
-0.951109
0.233777
-0.260259
0.562889
-1.11424
-0.437439
-0.339729
1.14323
0.180536
-1.30922
-0.158096
0.628377
-1.54322
-1.95867
-0.275639
3.1911
0.325449
1.87607
1.32911
-0.00149822
7.37957
-3.77162
-0.269259
1.76258
1.50216
-0.557441
-4.24379
0.936206
-0.994431
-3.65038
-1.09866
0.50554
0.421831
-17.8143
0.436743
-0.267863
13.4651
-0.796309
-8.86211
1.61447
1.71197
0.585088
-4.25856
2.38378
-1.06635
-0.556603
-1.3861
0.706119
-1.38789
-3.55402
-2.18328
1.36477
-1.09258
0.393434
-5.82436
-0.0323656
7.09613
0.336327
-0.349991
-0.155575
-0.524484
-4.23777
4.49419
-0.202005
-0.951692
0.700509
-0.89805
0.518863
-4.15906
0.0912495
0.131811
0.701871
-0.216915
-0.249159
-0.694881
-0.991436
-0.131178
0.0511099
0.719805
1.1865
-1.952
-4.89097
1.54265
-0.647636
0.513963
-1.43892
0.906815
-1.56198
-8.36842
-3.90223
1.59201
2.77595
-0.657572
-8.20047
-0.405778
-0.187664
0.241953
0.598247
1.97377
-2.64887
0.282911
-3.40419
-1.94503
5.05629
3.82889
-1.65686
0.434763
-0.187657
7.00339
-0.428026
0.627657
-0.652864
-1.42067
-0.664942
-0.3914
0.00582796
0.0974246
0.675621
-2.98216
0.471553
0.273558
-0.11457
4.76633
-1.4318
0.0418103
-0.747268
-1.26386
-2.74765
8.35469
-1.14661
2.86457
-1.64848
-0.0922646
-2.93244
-0.654001
-1.53139
-2.00373
-0.17305
0.821304
2.33372
6.18681
25.9083
-2.66514
-6.51019
-0.799115
-1.24282
0.849207
-2.54407
-0.00842595
-0.132304
1.20066
0.888636
-1.89084
-1.7547
0.389456
-0.182452
-5.23426
-1.51678
0.202288
0.235276
2.0098
0.311257
-0.417033
0.0810556
0.680482
-0.548159
-0.211207
-27.4762
1.91882
0.544925
-0.683731
0.556937
-1.25842
0.267876
0.11395
-1.69196
-0.769161
3.24935
-0.212974
-1.43795
1.11126
1.32181
0.401847
1.04813
1.80665
1.80835
-1.63706
-0.336459
0.277779
-0.973215
1.18803
0
-1.62137
-0.26663
0.209564
0.85001
0.670352
-2.07709
0.123154
-0.436749
0.879035
-0.715429
0.244264
0.653637
3.43297
-1.63764
-7.66001
0.435487
25.1274
-0.754034
-1.80684
0.846333
5.56781
-0.614244
-4.40531
-1.16559
-0.44637
0.316509
-0.139469
-1.67995
0.447751
-0.692134
-0.480689
-0.500874
-0.411146
0.0308002
-1.23839
-2.31899
-1.43053
0.086731
2.43718
-0.816093
0.669937
-0.11291
1.00964
-0.474236
0.920566
-0.463912
-1.03543
1.96495
-2.88699
0.27189
-0.440278
0.0157398
-0.67531
-0.472579
-1.1382
0.211978
-1.00581
-9.36596
1.18141
8.42725
-9.76092
-1.47408
-1.50029
-0.163269
0.430173
0.120917
0.594681
0.361856
0.671447
7.03368
-5.31271
3.2178
-3.31208
-0.157593
5.9875
0.554642
1.03696
2.28227
3.86706
-2.57695
12.019
-1.37718
-1.57577
-0.415503
-1.024
0.316019
1.52546
-0.399629
0.874536
-0.340322
-1.3749
-1.82554
0.244974
5.58284
-2.35331
0.286338
0.804159
-0.693632
1.63961
4.97168
0.898215
-2.92407
5.30338
-0.301396
-0.755311
0.537526
3.10918
7.10237
3.49605
-7.01905
-9.18847
1.75144
-0.829624
-2.2381
-1.4511
3.49992
0.1722
-0.587963
10.3969
-0.122408
1.57975
-6.62819
-0.139234
0.364991
-0.167329
-0.94122
0.706301
0.93887
1.04298
0.332179
2.41179
-0.526094
-1.95618
-1.89275
-3.74367
0.287675
-0.346607
-0.476168
-4.88357
34.1471
7.1635
0.181632
-0.187735
0.378972
2.99313
-0.7287
-5.6408
-0.710805
5.09703
-0.670668
1.94369
-0.806422
5.80593
8.69585
-1.93145
-0.978325
-0.601807
1.66669
-1.50998
0.646793
-0.705433
-0.767303
5.97117
-0.289747
-4.2619
-1.66719
0.530651
0.203148
0.916222
-2.45745
-0.371758
0.735881
1.46455
-15.2542
-2.50056
-1.27607
1.09775
0.718298
2.0208
3.99965
-0.419793
-0.127824
-1.87896
-0.201293
0.45084
-2.90367
4.60171
1.15717
2.10277
1.19843
-0.820584
-4.18192
1.2456
0.102218
2.25575
-1.84515
-1.26279
-0.465841
-0.726726
-1.04837
-0.0507841
0.243112
0.873691
0.734693
0.656991
0.331265
-1.83998
0.901592
0.0820279
0.513708
0.283453
-0.281427
0.466204
-0.0352041
0.512848
-1.32959
-3.44285
-2.76032
1.08029
-0.190918
-1.61414
-0.638507
-0.947303
-0.708699
1.29267
0.451966
1.357
-1.2548
-0.246924
-1.05728
0.531853
0.120872
-0.734969
0.23319
-1.33295
-0.352541
0.549945
-1.47122
-0.511168
0.505564
1.40271
2.27316
-2.56024
0.198572
-0.776861
2.9183
0.981539
0.824588
0.368842
-1.96195
-0.216568
-0.741461
0.00228357
-0.00414407
34.5416
-3.94267
1.76902
3.39196
0.541025
-0.195953
0.750818
7.28426
0.705698
-2.08503
-1.50101
0.341451
-1.44497
-0.962418
-0.0287632
-1.883
0.848755
0.25463
-1.66277
-0.299326
2.94529
0.0125033
0.118854
-0.146078
0.702929
-0.00633585
5.21135
-11.5739
0.280941
0.417366
2.80906
3.0511
0.0470043
16.7244
-0.689112
-2.69095
-4.98552
1.10648
-0.243975
0.462324
0.124255
0.434585
0.627569
0.0349828
6.75177
-1.99111
-1.79497
0.330604
1.48477
0.768288
0.315744
-2.04991
-0.555753
-2.22714
0.324591
1.90585
-0.94707
-0.188578
1.52508
-2.39788
-47.2565
-1.13092
0.518263
0.132636
0.536471
-0.234604
-0.980582
-0.277384
0.742145
0.329987
0.277895
-0.139154
0.959668
2.1774
1.17654
3.22475
-8.09045
1.74746
1.79512
0.109888
-0.058759
0.121876
0.600999
-5.57953
-5.25865
-3.20348
-2.7048
-3.68438
-1.91459
3.35095
1.35624
0.394146
1.85184
0.410675
2.18086
-1.17166
2.33746
-1.91155
0.332593
16.648
2.3143
-6.08002
1.37368
-0.655062
-7.22453
-6.47446
0.476813
-6.16722
0.740984
1.09227
-1.14858
1.48597
-1.64041
-2.0146
-2.20728
1.06078
1.28679
1.24899
-0.511531
-0.388007
-0.0216184
3.08017
0.560329
-1.00931
0.686644
-0.0596545
0.636981
1.1614
-0.311409
-0.556049
-0.373806
0.313157
-0.60709
0.886075
-1.56122
1.364
1.6146
1.03805
-0.510928
-3.81498
0.0466516
2.2084
1.16786
-1.36317
2.49683
-0.309374
-0.529782
0.531397
4.81362
-0.392363
-4.803
-0.351639
1.29042
-1.44628
1.61853
-2.1494
0.26934
-0.206115
2.2924
0.814763
0.577737
2.9001
0.825174
0.502107
-0.191466
0
-1.73597
-0.775165
0
0.329649
-3.54074
0.73546
-0.0242875
0.781338
0.575016
1.36097
1.23035
-1.32449
3.65409
0.905844
0.884488
0.649935
0.544109
-0.332553
-0.4224
-3.3472
1.35462
-1.37789
0.299442
-1.57028
-0.238112
-3.82197
-1.17302
0.536718
-2.42461
0.551548
-6.5169
-0.848342
-0.390075
0.22275
-0.836999
0.839616
-4.13656
0.75924
2.51576
0.57565
0.413532
3.32485
-1.71731
-0.867267
0.638076
-0.549455
0.211197
0.689109
-0.912705
1.18116
-0.10597
-0.132769
-2.45318
0.515274
-0.934132
0.671072
1.84995
-0.610187
-0.248014
-4.3647
-0.834646
43.5627
-0.835922
0.739305
-1.411
1.99522
-2.77703
0.911501
-2.56517
1.72296
-0.112531
-1.63551
-1.00983
0.574544
2.09792
1.7946
-5.36048
-0.744026
-0.0975764
0.98196
-1.70962
-0.396491
2.36022
-0.594396
-0.521275
6.78827
2.63969
-0.735178
-0.288283
1.35433
6.47399
-0.335481
0.862715
1.06451
-0.23699
-0.0129353
0.812293
3.93787
1.0143
1.22546
1.38149
0.670053
0.194524
2.96794
0.711369
-0.512297
0.80626
-1.568
0.534338
0.954878
2.78965
0.454687
0.993223
-0.896967
0.536178
6.27048
-1.53069
-0.0298361
0.704222
0.914196
-0.686616
-0.593647
1.01559
-0.0633901
-0.0746394
-0.112206
-0.945253
0.567841
0.251334
-1.96203
-1.41107
1.94058
1.68052
-0.168309
-1.58054
0.856599
3.29425
0.0899074
-0.296458
-0.313835
0.675634
-0.189886
0.146112
-0.903163
-0.619344
-1.19941
11.5063
-6.25766
-4.20266
-0.017276
-0.362189
-0.104418
-0.61323
0.648654
-2.46692
-0.493944
1.47017
3.12827
4.43126
-0.341915
0.276097
7.27191
0.218894
-0.0989399
-0.149488
0.409688
-5.20446
-0.126216
0.496381
-0.183386
-0.890001
-0.514133
1.51819
-0.839693
8.73977
-0.597886
-1.71391
-0.469966
0.564603
-0.241739
